Name	InstCount	Allocation	Scheduling	Binding	SchedMapping	SchedSolve	SchedFSM	overhead
main	110	0.007396	0.014851	0.000214	0.004789	0.004921	0.000216	0.004925
main	110	0.007858	0.012837	0.000175	0.004120	0.004037	0.000178	0.004502
main	174	0.021188	0.048621	0.000514	0.013375	0.018610	0.000508	0.016128
main	174	0.014344	0.031793	0.000295	0.009691	0.012212	0.000301	0.009589
main	238	0.022224	0.055144	0.000445	0.014383	0.023738	0.000375	0.016648
main	238	0.022871	0.053471	0.000422	0.013657	0.022964	0.000376	0.016474
main	302	0.031390	0.087204	0.000609	0.021199	0.040175	0.000498	0.025332
main	302	0.034119	0.084723	0.000543	0.020583	0.037558	0.000491	0.026091
main	366	0.045759	0.116048	0.000699	0.027219	0.051595	0.000571	0.036663
main	366	0.060099	0.123366	0.000672	0.028046	0.051589	0.000557	0.043174
main	430	0.070218	0.201488	0.001370	0.045661	0.103947	0.001207	0.050673
main	430	0.061915	0.173330	0.000786	0.037026	0.085318	0.000708	0.050278
main	110	0.010674	0.020451	0.000232	0.007336	0.005750	0.000469	0.006896
main	110	0.012565	0.017624	0.000222	0.005201	0.004228	0.000207	0.007988
main	172	0.015587	0.036240	0.000358	0.010020	0.012825	0.000344	0.013051
main	234	0.020943	0.053972	0.000479	0.013760	0.023287	0.000376	0.016549
main	234	0.021945	0.055139	0.000456	0.013548	0.021212	0.000382	0.019997
main	234	0.026226	0.052720	0.000399	0.014178	0.021861	0.000402	0.016279
main	234	0.022833	0.051955	0.000465	0.013495	0.021460	0.000441	0.016559
main	234	0.020654	0.051903	0.000418	0.013899	0.021165	0.000398	0.016441
main	234	0.021155	0.051530	0.000441	0.013428	0.020916	0.000363	0.016823
main	234	0.022604	0.051106	0.000399	0.013464	0.021065	0.000379	0.016198
main	172	0.013172	0.034054	0.000300	0.009121	0.013122	0.000292	0.011519
