label	n_IRlines	n_sdcs	Total	Solving
loop1	25	5	0.013393	0.000516
loop2	27	5	0.013457	0.000521
loop3	25	5	0.013662	0.000485
loop4	26	5	0.015196	0.000451
loop8	8	5	0.010902	0.000260
loop7	30	15	0.019021	0.001657
loop7	30	15	0.018676	0.001487
loop1	25	5	0.015079	0.000569
loop2	27	5	0.014855	0.000534
loop3	25	5	0.014754	0.000472
loop4	26	5	0.015833	0.000405
loop8	8	5	0.010924	0.000248
loop7	30	15	0.017602	0.001596
loop7	30	15	0.017725	0.001390
loop1	25	5	0.012871	0.000463
loop2	27	5	0.013846	0.000572
loop3	25	5	0.018682	0.000685
loop4	26	5	0.023825	0.000590
loop8	8	5	0.018033	0.000332
loop7	30	15	0.025457	0.001434
loop7	30	15	0.020434	0.002046
loop1	25	5	0.013857	0.000504
loop2	27	5	0.018285	0.000881
loop3	25	5	0.021878	0.000772
loop4	26	5	0.022446	0.000563
loop8	8	5	0.015085	0.000341
loop7	30	15	0.022774	0.001977
loop7	30	15	0.022463	0.001797
loop1	25	5	0.013761	0.000471
loop2	27	5	0.012876	0.000463
loop3	25	5	0.014324	0.000505
loop4	26	5	0.015426	0.000399
loop8	8	5	0.012202	0.000243
loop7	30	15	0.018046	0.001486
loop7	30	15	0.019027	0.001418
loop1	25	5	0.013812	0.000470
loop2	27	5	0.013425	0.000467
loop3	25	5	0.014462	0.000726
loop4	26	5	0.024470	0.000835
loop8	8	5	0.019852	0.000398
loop7	30	15	0.028060	0.002193
loop7	30	15	0.030584	0.003158
loop1	25	5	0.013627	0.000517
loop2	27	5	0.014234	0.000564
loop3	25	5	0.018995	0.000596
loop4	26	5	0.018537	0.000532
loop8	8	5	0.014762	0.000338
loop7	30	15	0.018473	0.001673
loop7	30	15	0.021797	0.001472
loop1	25	5	0.014354	0.000541
loop2	27	5	0.021118	0.001065
loop3	25	5	0.024337	0.000747
loop4	26	5	0.023068	0.000558
loop8	8	5	0.015603	0.000373
loop7	30	15	0.024717	0.002114
loop7	30	15	0.024443	0.001893
loop1	25	5	0.015212	0.000541
loop2	27	5	0.014436	0.000512
loop3	25	5	0.014531	0.000489
loop4	26	5	0.015302	0.000385
loop8	8	5	0.014094	0.000325
loop7	30	15	0.022651	0.001891
loop7	30	15	0.022179	0.001705
loop1	25	5	0.012491	0.000462
loop2	27	5	0.017003	0.000828
loop3	25	5	0.024516	0.001200
loop4	26	5	0.030411	0.000822
loop8	8	5	0.020553	0.000462
loop7	30	15	0.029424	0.002441
loop7	30	15	0.028291	0.002082
loop1	25	5	0.013869	0.000518
loop2	27	5	0.020861	0.001045
loop3	25	5	0.028012	0.000928
loop4	26	5	0.028001	0.000675
loop8	8	5	0.018044	0.000513
loop7	30	15	0.032647	0.002631
loop7	30	15	0.034189	0.003019
loop1	25	5	0.015938	0.000568
loop2	27	5	0.015909	0.000553
loop3	25	5	0.015004	0.000500
loop4	26	5	0.016153	0.000389
loop8	8	5	0.010836	0.000248
loop7	30	15	0.026245	0.003056
loop7	30	15	0.038008	0.003214
loop1	25	5	0.014523	0.000495
loop2	27	5	0.015760	0.000916
loop3	25	5	0.021130	0.000628
loop4	26	5	0.018798	0.000441
loop8	8	5	0.011772	0.000266
loop7	30	15	0.018024	0.001490
loop7	30	15	0.018822	0.001468
loop1	25	5	0.019654	0.000733
loop2	27	5	0.021784	0.000872
loop3	25	5	0.025330	0.001016
loop4	26	5	0.029706	0.000676
loop8	8	5	0.017957	0.000464
loop7	30	15	0.027481	0.002248
loop7	30	15	0.026314	0.002034
loop1	25	5	0.014561	0.000554
loop2	27	5	0.019577	0.000966
loop3	25	5	0.015453	0.000551
loop4	26	5	0.017074	0.000461
loop8	8	5	0.018707	0.000458
loop7	30	15	0.025711	0.002557
loop7	30	15	0.022075	0.001639
loop1	25	5	0.012739	0.000536
loop2	27	5	0.014991	0.000718
loop3	25	5	0.019722	0.000712
loop4	26	5	0.024229	0.000779
loop8	8	5	0.016348	0.000335
loop7	30	15	0.021382	0.001800
loop7	30	15	0.021460	0.001747
loop1	25	5	0.014476	0.000533
loop2	27	5	0.014622	0.000550
loop3	25	5	0.015168	0.000477
loop4	26	5	0.014834	0.000390
loop8	8	5	0.010563	0.000250
loop7	30	15	0.016912	0.001454
loop7	30	15	0.018126	0.001513
loop1	25	5	0.018239	0.000689
loop2	27	5	0.018627	0.000665
loop3	25	5	0.017033	0.000578
loop4	26	5	0.017682	0.000422
loop8	8	5	0.013358	0.000466
loop7	30	15	0.025528	0.001570
loop7	30	15	0.018753	0.001482
loop1	25	5	0.015505	0.000575
loop2	27	5	0.021340	0.001019
loop3	25	5	0.027619	0.000950
loop4	26	5	0.028742	0.000830
loop8	8	5	0.018162	0.000386
loop7	30	15	0.026050	0.002170
loop7	30	15	0.025365	0.001989
loop1	25	5	0.013290	0.000518
loop2	27	5	0.013698	0.000516
loop3	25	5	0.014281	0.000486
loop4	26	5	0.014804	0.000357
loop8	8	5	0.010706	0.000257
loop7	30	15	0.017119	0.001505
loop7	30	15	0.018343	0.001512
