Name	Allocation	Scheduling	Binding
local_memset	0.000648	0.004701	0.000390
local_memcpy	0.000648	0.004799	0.000390
sha_init	0.000648	0.001500	0.000390
sha_transform	0.000648	0.023171	0.000390
sha_final	0.000648	0.001445	0.000390
sha_stream	0.000648	0.004547	0.000390
main	0.000648	0.001486	0.000390
local_memset	0.000708	0.003606	0.000417
local_memcpy	0.000708	0.003671	0.000417
sha_init	0.000708	0.001034	0.000417
sha_transform	0.000708	0.018786	0.000417
sha_final	0.000708	0.001524	0.000417
sha_stream	0.000708	0.004874	0.000417
main	0.000708	0.001704	0.000417
local_memset	0.000416	0.003669	0.000354
local_memcpy	0.000416	0.003131	0.000354
sha_init	0.000416	0.000916	0.000354
sha_transform	0.000416	0.015558	0.000354
sha_final	0.000416	0.001349	0.000354
sha_stream	0.000416	0.004104	0.000354
main	0.000416	0.001439	0.000354
local_memset	0.000807	0.004737	0.000543
local_memcpy	0.000807	0.005154	0.000543
sha_init	0.000807	0.001476	0.000543
sha_transform	0.000807	0.025380	0.000543
sha_final	0.000807	0.002126	0.000543
sha_stream	0.000807	0.006460	0.000543
main	0.000807	0.002274	0.000543
local_memset	0.001109	0.004563	0.000522
local_memcpy	0.001109	0.005362	0.000522
sha_init	0.001109	0.001441	0.000522
sha_transform	0.001109	0.025382	0.000522
sha_final	0.001109	0.002071	0.000522
sha_stream	0.001109	0.006558	0.000522
main	0.001109	0.002200	0.000522
local_memset	0.000537	0.003259	0.000413
local_memcpy	0.000537	0.003909	0.000413
sha_init	0.000537	0.001090	0.000413
sha_transform	0.000537	0.019112	0.000413
sha_final	0.000537	0.001599	0.000413
sha_stream	0.000537	0.005071	0.000413
main	0.000537	0.001743	0.000413
local_memset	0.000648	0.004370	0.000535
local_memcpy	0.000648	0.005015	0.000535
sha_init	0.000648	0.001466	0.000535
sha_transform	0.000648	0.025042	0.000535
sha_final	0.000648	0.002064	0.000535
sha_stream	0.000648	0.006320	0.000535
main	0.000648	0.002221	0.000535
local_memset	0.000467	0.003518	0.000392
local_memcpy	0.000467	0.004273	0.000392
sha_init	0.000467	0.000988	0.000392
sha_transform	0.000467	0.017788	0.000392
sha_final	0.000467	0.001488	0.000392
sha_stream	0.000467	0.004653	0.000392
main	0.000467	0.001609	0.000392
local_memset	0.000421	0.002985	0.000396
local_memcpy	0.000421	0.003741	0.000396
sha_init	0.000421	0.000993	0.000396
sha_transform	0.000421	0.018381	0.000396
sha_final	0.000421	0.001550	0.000396
sha_stream	0.000421	0.004906	0.000396
main	0.000421	0.001662	0.000396
local_memset	0.000497	0.003125	0.000402
local_memcpy	0.000497	0.003656	0.000402
sha_init	0.000497	0.001011	0.000402
sha_transform	0.000497	0.018215	0.000402
sha_final	0.000497	0.001548	0.000402
sha_stream	0.000497	0.004814	0.000402
main	0.000497	0.001685	0.000402
local_memset	0.000767	0.003615	0.000437
local_memcpy	0.000767	0.003834	0.000437
sha_init	0.000767	0.001096	0.000437
sha_transform	0.000767	0.019705	0.000437
sha_final	0.000767	0.001850	0.000437
sha_stream	0.000767	0.005090	0.000437
main	0.000767	0.001792	0.000437
local_memset	0.000499	0.003171	0.000407
local_memcpy	0.000499	0.003763	0.000407
sha_init	0.000499	0.001020	0.000407
sha_transform	0.000499	0.018479	0.000407
sha_final	0.000499	0.001566	0.000407
sha_stream	0.000499	0.004816	0.000407
main	0.000499	0.001676	0.000407
local_memset	0.000470	0.003206	0.000394
local_memcpy	0.000470	0.003659	0.000394
sha_init	0.000470	0.001034	0.000394
sha_transform	0.000470	0.017596	0.000394
sha_final	0.000470	0.001491	0.000394
sha_stream	0.000470	0.004615	0.000394
main	0.000470	0.001642	0.000394
local_memset	0.000648	0.004180	0.000523
local_memcpy	0.000648	0.005129	0.000523
sha_init	0.000648	0.001483	0.000523
sha_transform	0.000648	0.024684	0.000523
sha_final	0.000648	0.002027	0.000523
sha_stream	0.000648	0.006264	0.000523
main	0.000648	0.002221	0.000523
local_memset	0.000371	0.002427	0.000326
local_memcpy	0.000371	0.002995	0.000326
sha_init	0.000371	0.000863	0.000326
sha_transform	0.000371	0.014479	0.000326
sha_final	0.000371	0.001239	0.000326
sha_stream	0.000371	0.003844	0.000326
main	0.000371	0.001389	0.000326
local_memset	0.000750	0.004352	0.000538
local_memcpy	0.000750	0.005255	0.000538
sha_init	0.000750	0.001551	0.000538
sha_transform	0.000750	0.025663	0.000538
sha_final	0.000750	0.002109	0.000538
sha_stream	0.000750	0.006596	0.000538
main	0.000750	0.002273	0.000538
local_memset	0.000622	0.004186	0.000496
local_memcpy	0.000622	0.004976	0.000496
sha_init	0.000622	0.001366	0.000496
sha_transform	0.000622	0.024156	0.000496
sha_final	0.000622	0.001972	0.000496
sha_stream	0.000622	0.006288	0.000496
main	0.000622	0.002106	0.000496
local_memset	0.000647	0.003762	0.000470
local_memcpy	0.000647	0.004304	0.000470
sha_init	0.000647	0.001260	0.000470
sha_transform	0.000647	0.021827	0.000470
sha_final	0.000647	0.001828	0.000470
sha_stream	0.000647	0.005776	0.000470
main	0.000647	0.001930	0.000470
local_memset	0.000616	0.003942	0.000479
local_memcpy	0.000616	0.004520	0.000479
sha_init	0.000616	0.001296	0.000479
sha_transform	0.000616	0.022980	0.000479
sha_final	0.000616	0.001872	0.000479
sha_stream	0.000616	0.005941	0.000479
main	0.000616	0.002005	0.000479
local_memset	0.000727	0.003937	0.000407
local_memcpy	0.000727	0.003634	0.000407
sha_init	0.000727	0.001023	0.000407
sha_transform	0.000727	0.018143	0.000407
sha_final	0.000727	0.001501	0.000407
sha_stream	0.000727	0.004754	0.000407
main	0.000727	0.001677	0.000407
local_memset	0.000797	0.004488	0.000566
local_memcpy	0.000797	0.005219	0.000566
sha_init	0.000797	0.001528	0.000566
sha_transform	0.000797	0.025793	0.000566
sha_final	0.000797	0.002049	0.000566
sha_stream	0.000797	0.006577	0.000566
main	0.000797	0.002287	0.000566
local_memset	0.000720	0.003523	0.000403
local_memcpy	0.000720	0.003699	0.000403
sha_init	0.000720	0.001059	0.000403
sha_transform	0.000720	0.018475	0.000403
sha_final	0.000720	0.001552	0.000403
sha_stream	0.000720	0.004933	0.000403
main	0.000720	0.001695	0.000403
local_memset	0.000554	0.003932	0.000414
local_memcpy	0.000554	0.003829	0.000414
sha_init	0.000554	0.001005	0.000414
sha_transform	0.000554	0.018369	0.000414
sha_final	0.000554	0.001555	0.000414
sha_stream	0.000554	0.004827	0.000414
main	0.000554	0.001689	0.000414
local_memset	0.000738	0.003659	0.000418
local_memcpy	0.000738	0.003776	0.000418
sha_init	0.000738	0.001050	0.000418
sha_transform	0.000738	0.018883	0.000418
sha_final	0.000738	0.001603	0.000418
sha_stream	0.000738	0.004954	0.000418
main	0.000738	0.001745	0.000418
local_memset	0.000897	0.004765	0.000562
local_memcpy	0.000897	0.005901	0.000562
sha_init	0.000897	0.001716	0.000562
sha_transform	0.000897	0.028755	0.000562
sha_final	0.000897	0.002300	0.000562
sha_stream	0.000897	0.007311	0.000562
main	0.000897	0.002422	0.000562
local_memset	0.000574	0.003716	0.000442
local_memcpy	0.000574	0.004140	0.000442
sha_init	0.000574	0.001187	0.000442
sha_transform	0.000574	0.021109	0.000442
sha_final	0.000574	0.001746	0.000442
sha_stream	0.000574	0.005543	0.000442
main	0.000574	0.001931	0.000442
local_memset	0.000668	0.003721	0.000391
local_memcpy	0.000668	0.003677	0.000391
sha_init	0.000668	0.001020	0.000391
sha_transform	0.000668	0.018122	0.000391
sha_final	0.000668	0.001514	0.000391
sha_stream	0.000668	0.004757	0.000391
main	0.000668	0.001680	0.000391
local_memset	0.000774	0.003678	0.000401
local_memcpy	0.000774	0.003598	0.000401
sha_init	0.000774	0.001075	0.000401
sha_transform	0.000774	0.018240	0.000401
sha_final	0.000774	0.001564	0.000401
sha_stream	0.000774	0.004747	0.000401
main	0.000774	0.001662	0.000401
local_memset	0.000730	0.004501	0.000517
local_memcpy	0.000730	0.005176	0.000517
sha_init	0.000730	0.001447	0.000517
sha_transform	0.000730	0.025719	0.000517
sha_final	0.000730	0.002063	0.000517
sha_stream	0.000730	0.006570	0.000517
main	0.000730	0.002194	0.000517
local_memset	0.000739	0.003933	0.000398
local_memcpy	0.000739	0.003752	0.000398
sha_init	0.000739	0.001025	0.000398
sha_transform	0.000739	0.018364	0.000398
sha_final	0.000739	0.001556	0.000398
sha_stream	0.000739	0.004807	0.000398
main	0.000739	0.001685	0.000398
local_memset	0.000526	0.003200	0.000444
local_memcpy	0.000526	0.003797	0.000444
sha_init	0.000526	0.001070	0.000444
sha_transform	0.000526	0.018976	0.000444
sha_final	0.000526	0.001586	0.000444
sha_stream	0.000526	0.004921	0.000444
main	0.000526	0.001736	0.000444
local_memset	0.000554	0.003417	0.000462
local_memcpy	0.000554	0.004012	0.000462
sha_init	0.000554	0.001146	0.000462
sha_transform	0.000554	0.019915	0.000462
sha_final	0.000554	0.001669	0.000462
sha_stream	0.000554	0.005168	0.000462
main	0.000554	0.001820	0.000462
local_memset	0.000585	0.003507	0.000451
local_memcpy	0.000585	0.004030	0.000451
sha_init	0.000585	0.001129	0.000451
sha_transform	0.000585	0.020367	0.000451
sha_final	0.000585	0.001702	0.000451
sha_stream	0.000585	0.005277	0.000451
main	0.000585	0.001867	0.000451
local_memset	0.000572	0.003592	0.000452
local_memcpy	0.000572	0.003987	0.000452
sha_init	0.000572	0.001136	0.000452
sha_transform	0.000572	0.020548	0.000452
sha_final	0.000572	0.001676	0.000452
sha_stream	0.000572	0.005327	0.000452
main	0.000572	0.001859	0.000452
local_memset	0.000574	0.003511	0.000442
local_memcpy	0.000574	0.003985	0.000442
sha_init	0.000574	0.001146	0.000442
sha_transform	0.000574	0.020287	0.000442
sha_final	0.000574	0.001665	0.000442
sha_stream	0.000574	0.005289	0.000442
main	0.000574	0.001862	0.000442
local_memset	0.000672	0.003763	0.000392
local_memcpy	0.000672	0.003577	0.000392
sha_init	0.000672	0.000981	0.000392
sha_transform	0.000672	0.017485	0.000392
sha_final	0.000672	0.001495	0.000392
sha_stream	0.000672	0.004625	0.000392
main	0.000672	0.001610	0.000392
local_memset	0.000554	0.003422	0.000430
local_memcpy	0.000554	0.003870	0.000430
sha_init	0.000554	0.001102	0.000430
sha_transform	0.000554	0.019614	0.000430
sha_final	0.000554	0.001630	0.000430
sha_stream	0.000554	0.005110	0.000430
main	0.000554	0.001800	0.000430
local_memset	0.000489	0.003109	0.000429
local_memcpy	0.000489	0.003748	0.000429
sha_init	0.000489	0.001063	0.000429
sha_transform	0.000489	0.018566	0.000429
sha_final	0.000489	0.001544	0.000429
sha_stream	0.000489	0.004917	0.000429
main	0.000489	0.001720	0.000429
local_memset	0.000807	0.004782	0.000543
local_memcpy	0.000807	0.005528	0.000543
sha_init	0.000807	0.001603	0.000543
sha_transform	0.000807	0.027042	0.000543
sha_final	0.000807	0.002155	0.000543
sha_stream	0.000807	0.006839	0.000543
main	0.000807	0.002357	0.000543
local_memset	0.000691	0.004051	0.000450
local_memcpy	0.000691	0.004260	0.000450
sha_init	0.000691	0.001199	0.000450
sha_transform	0.000691	0.020343	0.000450
sha_final	0.000691	0.001807	0.000450
sha_stream	0.000691	0.005462	0.000450
main	0.000691	0.001880	0.000450
local_memset	0.000544	0.004036	0.000411
local_memcpy	0.000544	0.003899	0.000411
sha_init	0.000544	0.001044	0.000411
sha_transform	0.000544	0.018866	0.000411
sha_final	0.000544	0.001536	0.000411
sha_stream	0.000544	0.004907	0.000411
main	0.000544	0.001746	0.000411
local_memset	0.000777	0.004766	0.000550
local_memcpy	0.000777	0.005535	0.000550
sha_init	0.000777	0.001558	0.000550
sha_transform	0.000777	0.026781	0.000550
sha_final	0.000777	0.002162	0.000550
sha_stream	0.000777	0.006818	0.000550
main	0.000777	0.002307	0.000550
local_memset	0.000595	0.004029	0.000499
local_memcpy	0.000595	0.004698	0.000499
sha_init	0.000595	0.001380	0.000499
sha_transform	0.000595	0.023689	0.000499
sha_final	0.000595	0.001985	0.000499
sha_stream	0.000595	0.006066	0.000499
main	0.000595	0.002070	0.000499
local_memset	0.000509	0.003685	0.000477
local_memcpy	0.000509	0.004686	0.000477
sha_init	0.000509	0.001310	0.000477
sha_transform	0.000509	0.022782	0.000477
sha_final	0.000509	0.001978	0.000477
sha_stream	0.000509	0.005935	0.000477
main	0.000509	0.002073	0.000477
local_memset	0.000591	0.003584	0.000444
local_memcpy	0.000591	0.004032	0.000444
sha_init	0.000591	0.001146	0.000444
sha_transform	0.000591	0.020701	0.000444
sha_final	0.000591	0.001676	0.000444
sha_stream	0.000591	0.005299	0.000444
main	0.000591	0.001874	0.000444
local_memset	0.000525	0.004041	0.000398
local_memcpy	0.000525	0.003791	0.000398
sha_init	0.000525	0.001012	0.000398
sha_transform	0.000525	0.018444	0.000398
sha_final	0.000525	0.001558	0.000398
sha_stream	0.000525	0.004857	0.000398
main	0.000525	0.001687	0.000398
local_memset	0.000558	0.003388	0.000449
local_memcpy	0.000558	0.003963	0.000449
sha_init	0.000558	0.001090	0.000449
sha_transform	0.000558	0.019946	0.000449
sha_final	0.000558	0.001665	0.000449
sha_stream	0.000558	0.005096	0.000449
main	0.000558	0.001780	0.000449
local_memset	0.000548	0.004417	0.000427
local_memcpy	0.000548	0.003999	0.000427
sha_init	0.000548	0.001098	0.000427
sha_transform	0.000548	0.019974	0.000427
sha_final	0.000548	0.001676	0.000427
sha_stream	0.000548	0.005097	0.000427
main	0.000548	0.001816	0.000427
local_memset	0.000597	0.004006	0.000484
local_memcpy	0.000597	0.004704	0.000484
sha_init	0.000597	0.001306	0.000484
sha_transform	0.000597	0.022878	0.000484
sha_final	0.000597	0.001931	0.000484
sha_stream	0.000597	0.005944	0.000484
main	0.000597	0.002030	0.000484
local_memset	0.000460	0.002903	0.000421
local_memcpy	0.000460	0.003541	0.000421
sha_init	0.000460	0.000980	0.000421
sha_transform	0.000460	0.017146	0.000421
sha_final	0.000460	0.001452	0.000421
sha_stream	0.000460	0.004612	0.000421
main	0.000460	0.001567	0.000421
local_memset	0.000505	0.003164	0.000419
local_memcpy	0.000505	0.003838	0.000419
sha_init	0.000505	0.001067	0.000419
sha_transform	0.000505	0.018946	0.000419
sha_final	0.000505	0.001564	0.000419
sha_stream	0.000505	0.004934	0.000419
main	0.000505	0.001741	0.000419
local_memset	0.000768	0.004335	0.000498
local_memcpy	0.000768	0.004692	0.000498
sha_init	0.000768	0.001395	0.000498
sha_transform	0.000768	0.024208	0.000498
sha_final	0.000768	0.001982	0.000498
sha_stream	0.000768	0.006160	0.000498
main	0.000768	0.002115	0.000498
local_memset	0.000813	0.004730	0.000560
local_memcpy	0.000813	0.005518	0.000560
sha_init	0.000813	0.001607	0.000560
sha_transform	0.000813	0.026892	0.000560
sha_final	0.000813	0.002170	0.000560
sha_stream	0.000813	0.006958	0.000560
main	0.000813	0.002298	0.000560
local_memset	0.000576	0.003559	0.000451
local_memcpy	0.000576	0.004088	0.000451
sha_init	0.000576	0.001165	0.000451
sha_transform	0.000576	0.020441	0.000451
sha_final	0.000576	0.001676	0.000451
sha_stream	0.000576	0.005340	0.000451
main	0.000576	0.001881	0.000451
local_memset	0.000505	0.003188	0.000419
local_memcpy	0.000505	0.003847	0.000419
sha_init	0.000505	0.001063	0.000419
sha_transform	0.000505	0.019326	0.000419
sha_final	0.000505	0.001621	0.000419
sha_stream	0.000505	0.004950	0.000419
main	0.000505	0.001746	0.000419
local_memset	0.000768	0.003704	0.000431
local_memcpy	0.000768	0.004370	0.000431
sha_init	0.000768	0.001119	0.000431
sha_transform	0.000768	0.019667	0.000431
sha_final	0.000768	0.001622	0.000431
sha_stream	0.000768	0.005127	0.000431
main	0.000768	0.001814	0.000431
local_memset	0.000804	0.004481	0.000528
local_memcpy	0.000804	0.005230	0.000528
sha_init	0.000804	0.001520	0.000528
sha_transform	0.000804	0.025753	0.000528
sha_final	0.000804	0.002086	0.000528
sha_stream	0.000804	0.006624	0.000528
main	0.000804	0.002338	0.000528
local_memset	0.000754	0.004367	0.000515
local_memcpy	0.000754	0.004943	0.000515
sha_init	0.000754	0.001437	0.000515
sha_transform	0.000754	0.024888	0.000515
sha_final	0.000754	0.002072	0.000515
sha_stream	0.000754	0.006388	0.000515
main	0.000754	0.002204	0.000515
local_memset	0.000738	0.004746	0.000522
local_memcpy	0.000738	0.005476	0.000522
sha_init	0.000738	0.001458	0.000522
sha_transform	0.000738	0.025522	0.000522
sha_final	0.000738	0.002108	0.000522
sha_stream	0.000738	0.006459	0.000522
main	0.000738	0.002293	0.000522
local_memset	0.000532	0.003965	0.000413
local_memcpy	0.000532	0.003795	0.000413
sha_init	0.000532	0.001014	0.000413
sha_transform	0.000532	0.018411	0.000413
sha_final	0.000532	0.001544	0.000413
sha_stream	0.000532	0.004861	0.000413
main	0.000532	0.001669	0.000413
local_memset	0.000711	0.003937	0.000407
local_memcpy	0.000711	0.003577	0.000407
sha_init	0.000711	0.001036	0.000407
sha_transform	0.000711	0.018107	0.000407
sha_final	0.000711	0.001547	0.000407
sha_stream	0.000711	0.004739	0.000407
main	0.000711	0.001675	0.000407
local_memset	0.000767	0.003581	0.000435
local_memcpy	0.000767	0.003962	0.000435
sha_init	0.000767	0.001153	0.000435
sha_transform	0.000767	0.019692	0.000435
sha_final	0.000767	0.001663	0.000435
sha_stream	0.000767	0.005197	0.000435
main	0.000767	0.001829	0.000435
local_memset	0.000565	0.004477	0.000429
local_memcpy	0.000565	0.004312	0.000429
sha_init	0.000565	0.001117	0.000429
sha_transform	0.000565	0.019695	0.000429
sha_final	0.000565	0.001619	0.000429
sha_stream	0.000565	0.005112	0.000429
main	0.000565	0.001811	0.000429
local_memset	0.000475	0.003126	0.000406
local_memcpy	0.000475	0.003703	0.000406
sha_init	0.000475	0.001007	0.000406
sha_transform	0.000475	0.018508	0.000406
sha_final	0.000475	0.001572	0.000406
sha_stream	0.000475	0.004776	0.000406
main	0.000475	0.001672	0.000406
local_memset	0.000423	0.003873	0.000361
local_memcpy	0.000423	0.003343	0.000361
sha_init	0.000423	0.000916	0.000361
sha_transform	0.000423	0.016093	0.000361
sha_final	0.000423	0.001356	0.000361
sha_stream	0.000423	0.004332	0.000361
main	0.000423	0.001513	0.000361
local_memset	0.000786	0.003628	0.000429
local_memcpy	0.000786	0.004007	0.000429
sha_init	0.000786	0.001110	0.000429
sha_transform	0.000786	0.019806	0.000429
sha_final	0.000786	0.001680	0.000429
sha_stream	0.000786	0.005191	0.000429
main	0.000786	0.001813	0.000429
local_memset	0.000555	0.003379	0.000433
local_memcpy	0.000555	0.003887	0.000433
sha_init	0.000555	0.001120	0.000433
sha_transform	0.000555	0.019652	0.000433
sha_final	0.000555	0.001620	0.000433
sha_stream	0.000555	0.005113	0.000433
main	0.000555	0.001799	0.000433
local_memset	0.000411	0.002637	0.000356
local_memcpy	0.000411	0.004066	0.000356
sha_init	0.000411	0.000937	0.000356
sha_transform	0.000411	0.015954	0.000356
sha_final	0.000411	0.001358	0.000356
sha_stream	0.000411	0.004268	0.000356
main	0.000411	0.001468	0.000356
local_memset	0.000617	0.003749	0.000462
local_memcpy	0.000617	0.004619	0.000462
sha_init	0.000617	0.001256	0.000462
sha_transform	0.000617	0.021792	0.000462
sha_final	0.000617	0.001816	0.000462
sha_stream	0.000617	0.005655	0.000462
main	0.000617	0.001994	0.000462
local_memset	0.000557	0.003400	0.000430
local_memcpy	0.000557	0.004004	0.000430
sha_init	0.000557	0.001092	0.000430
sha_transform	0.000557	0.019910	0.000430
sha_final	0.000557	0.001667	0.000430
sha_stream	0.000557	0.005100	0.000430
main	0.000557	0.001787	0.000430
local_memset	0.001100	0.004681	0.000522
local_memcpy	0.001100	0.005030	0.000522
sha_init	0.001100	0.001427	0.000522
sha_transform	0.001100	0.024710	0.000522
sha_final	0.001100	0.002058	0.000522
sha_stream	0.001100	0.006207	0.000522
main	0.001100	0.002200	0.000522
local_memset	0.000986	0.004834	0.000500
local_memcpy	0.000986	0.004820	0.000500
sha_init	0.000986	0.001370	0.000500
sha_transform	0.000986	0.023674	0.000500
sha_final	0.000986	0.001969	0.000500
sha_stream	0.000986	0.006109	0.000500
main	0.000986	0.002110	0.000500
local_memset	0.001029	0.004854	0.000525
local_memcpy	0.001029	0.005246	0.000525
sha_init	0.001029	0.001481	0.000525
sha_transform	0.001029	0.025544	0.000525
sha_final	0.001029	0.002057	0.000525
sha_stream	0.001029	0.006538	0.000525
main	0.001029	0.002232	0.000525
local_memset	0.000806	0.004369	0.000519
local_memcpy	0.000806	0.005212	0.000519
sha_init	0.000806	0.001501	0.000519
sha_transform	0.000806	0.025787	0.000519
sha_final	0.000806	0.002033	0.000519
sha_stream	0.000806	0.006535	0.000519
main	0.000806	0.002324	0.000519
local_memset	0.000565	0.004054	0.000417
local_memcpy	0.000565	0.003794	0.000417
sha_init	0.000565	0.001055	0.000417
sha_transform	0.000565	0.018438	0.000417
sha_final	0.000565	0.001562	0.000417
sha_stream	0.000565	0.004767	0.000417
main	0.000565	0.001679	0.000417
local_memset	0.000773	0.004781	0.000536
local_memcpy	0.000773	0.004989	0.000536
sha_init	0.000773	0.001446	0.000536
sha_transform	0.000773	0.025025	0.000536
sha_final	0.000773	0.002080	0.000536
sha_stream	0.000773	0.006418	0.000536
main	0.000773	0.002219	0.000536
local_memset	0.000758	0.004498	0.000533
local_memcpy	0.000758	0.005316	0.000533
sha_init	0.000758	0.001522	0.000533
sha_transform	0.000758	0.025709	0.000533
sha_final	0.000758	0.002086	0.000533
sha_stream	0.000758	0.006594	0.000533
main	0.000758	0.002253	0.000533
local_memset	0.000739	0.004024	0.000418
local_memcpy	0.000739	0.003655	0.000418
sha_init	0.000739	0.001033	0.000418
sha_transform	0.000739	0.018785	0.000418
sha_final	0.000739	0.001565	0.000418
sha_stream	0.000739	0.004775	0.000418
main	0.000739	0.001671	0.000418
local_memset	0.000843	0.004187	0.000524
local_memcpy	0.000843	0.004855	0.000524
sha_init	0.000843	0.001443	0.000524
sha_transform	0.000843	0.024776	0.000524
sha_final	0.000843	0.002062	0.000524
sha_stream	0.000843	0.006315	0.000524
main	0.000843	0.002252	0.000524
local_memset	0.000741	0.004452	0.000516
local_memcpy	0.000741	0.005288	0.000516
sha_init	0.000741	0.001522	0.000516
sha_transform	0.000741	0.025712	0.000516
sha_final	0.000741	0.002059	0.000516
sha_stream	0.000741	0.006580	0.000516
main	0.000741	0.002326	0.000516
local_memset	0.000789	0.004493	0.000531
local_memcpy	0.000789	0.005252	0.000531
sha_init	0.000789	0.001542	0.000531
sha_transform	0.000789	0.025745	0.000531
sha_final	0.000789	0.002086	0.000531
sha_stream	0.000789	0.006617	0.000531
main	0.000789	0.002320	0.000531
local_memset	0.000687	0.003865	0.000476
local_memcpy	0.000687	0.004462	0.000476
sha_init	0.000687	0.001227	0.000476
sha_transform	0.000687	0.022273	0.000476
sha_final	0.000687	0.001801	0.000476
sha_stream	0.000687	0.005687	0.000476
main	0.000687	0.002027	0.000476
local_memset	0.001046	0.004813	0.000524
local_memcpy	0.001046	0.005383	0.000524
sha_init	0.001046	0.001448	0.000524
sha_transform	0.001046	0.025622	0.000524
sha_final	0.001046	0.002110	0.000524
sha_stream	0.001046	0.006601	0.000524
main	0.001046	0.002218	0.000524
local_memset	0.000556	0.003379	0.000429
local_memcpy	0.000556	0.004048	0.000429
sha_init	0.000556	0.001130	0.000429
sha_transform	0.000556	0.020008	0.000429
sha_final	0.000556	0.001661	0.000429
sha_stream	0.000556	0.005109	0.000429
main	0.000556	0.001794	0.000429
local_memset	0.000556	0.003386	0.000429
local_memcpy	0.000556	0.004055	0.000429
sha_init	0.000556	0.001126	0.000429
sha_transform	0.000556	0.020024	0.000429
sha_final	0.000556	0.001673	0.000429
sha_stream	0.000556	0.005163	0.000429
main	0.000556	0.001779	0.000429
local_memset	0.000727	0.004432	0.000525
local_memcpy	0.000727	0.004941	0.000525
sha_init	0.000727	0.001437	0.000525
sha_transform	0.000727	0.024807	0.000525
sha_final	0.000727	0.002083	0.000525
sha_stream	0.000727	0.006404	0.000525
main	0.000727	0.002206	0.000525
local_memset	0.000737	0.004562	0.000526
local_memcpy	0.000737	0.005365	0.000526
sha_init	0.000737	0.001455	0.000526
sha_transform	0.000737	0.025211	0.000526
sha_final	0.000737	0.002071	0.000526
sha_stream	0.000737	0.006428	0.000526
main	0.000737	0.002216	0.000526
local_memset	0.000424	0.003691	0.000359
local_memcpy	0.000424	0.003261	0.000359
sha_init	0.000424	0.000948	0.000359
sha_transform	0.000424	0.016082	0.000359
sha_final	0.000424	0.001328	0.000359
sha_stream	0.000424	0.004206	0.000359
main	0.000424	0.001470	0.000359
local_memset	0.000739	0.003764	0.000400
local_memcpy	0.000739	0.003644	0.000400
sha_init	0.000739	0.001032	0.000400
sha_transform	0.000739	0.018240	0.000400
sha_final	0.000739	0.001566	0.000400
sha_stream	0.000739	0.004819	0.000400
main	0.000739	0.001685	0.000400
local_memset	0.000493	0.003194	0.000414
local_memcpy	0.000493	0.003735	0.000414
sha_init	0.000493	0.001013	0.000414
sha_transform	0.000493	0.018327	0.000414
sha_final	0.000493	0.001570	0.000414
sha_stream	0.000493	0.004866	0.000414
main	0.000493	0.001673	0.000414
local_memset	0.000474	0.003003	0.000412
local_memcpy	0.000474	0.003663	0.000412
sha_init	0.000474	0.001034	0.000412
sha_transform	0.000474	0.018121	0.000412
sha_final	0.000474	0.001516	0.000412
sha_stream	0.000474	0.004773	0.000412
main	0.000474	0.001683	0.000412
local_memset	0.000497	0.003391	0.000435
local_memcpy	0.000497	0.003963	0.000435
sha_init	0.000497	0.001083	0.000435
sha_transform	0.000497	0.019297	0.000435
sha_final	0.000497	0.001626	0.000435
sha_stream	0.000497	0.005065	0.000435
main	0.000497	0.001839	0.000435
local_memset	0.000766	0.003781	0.000430
local_memcpy	0.000766	0.003946	0.000430
sha_init	0.000766	0.001091	0.000430
sha_transform	0.000766	0.019582	0.000430
sha_final	0.000766	0.001639	0.000430
sha_stream	0.000766	0.005108	0.000430
main	0.000766	0.001792	0.000430
local_memset	0.000575	0.003514	0.000477
local_memcpy	0.000575	0.003998	0.000477
sha_init	0.000575	0.001181	0.000477
sha_transform	0.000575	0.020241	0.000477
sha_final	0.000575	0.001670	0.000477
sha_stream	0.000575	0.005327	0.000477
main	0.000575	0.001866	0.000477
local_memset	0.000727	0.003720	0.000375
local_memcpy	0.000727	0.003398	0.000375
sha_init	0.000727	0.000978	0.000375
sha_transform	0.000727	0.017061	0.000375
sha_final	0.000727	0.001434	0.000375
sha_stream	0.000727	0.004588	0.000375
main	0.000727	0.001586	0.000375
local_memset	0.000554	0.003256	0.000445
local_memcpy	0.000554	0.003976	0.000445
sha_init	0.000554	0.001145	0.000445
sha_transform	0.000554	0.019916	0.000445
sha_final	0.000554	0.001663	0.000445
sha_stream	0.000554	0.005074	0.000445
main	0.000554	0.001777	0.000445
local_memset	0.000567	0.004376	0.000445
local_memcpy	0.000567	0.003821	0.000445
sha_init	0.000567	0.001090	0.000445
sha_transform	0.000567	0.019755	0.000445
sha_final	0.000567	0.001626	0.000445
sha_stream	0.000567	0.005111	0.000445
main	0.000567	0.001794	0.000445
local_memset	0.000709	0.004388	0.000518
local_memcpy	0.000709	0.004981	0.000518
sha_init	0.000709	0.001469	0.000518
sha_transform	0.000709	0.025147	0.000518
sha_final	0.000709	0.002084	0.000518
sha_stream	0.000709	0.006361	0.000518
main	0.000709	0.002253	0.000518
local_memset	0.000725	0.004439	0.000528
local_memcpy	0.000725	0.005096	0.000528
sha_init	0.000725	0.001465	0.000528
sha_transform	0.000725	0.025522	0.000528
sha_final	0.000725	0.002059	0.000528
sha_stream	0.000725	0.006507	0.000528
main	0.000725	0.002217	0.000528
local_memset	0.000727	0.003738	0.000421
local_memcpy	0.000727	0.003594	0.000421
sha_init	0.000727	0.001013	0.000421
sha_transform	0.000727	0.018067	0.000421
sha_final	0.000727	0.001536	0.000421
sha_stream	0.000727	0.004800	0.000421
main	0.000727	0.001676	0.000421
