label	timeout	n_IRlines	#vars	#constraints	latency	II	TripCnt	n_solves	Total	Solving
loop	0	100	125	403	6	2	90	91	0.212475	0.038654
loop	0	100	100	143	3	2	90	191	0.293478	0.072195
loop	0	164	214	749	15	5	90	1136	4.336660	0.760286
loop	0	164	164	262	7	5	90	358	0.978267	0.227182
loop	0	228	303	1128	9	9	90	3467	21.439232	3.838575
loop	0	228	228	391	12	7	90	569	1.889577	0.383389
loop	0	292	392	1531	18	12	90	5849	42.063557	7.529705
loop	0	292	292	530	16	10	90	768	2.975603	0.564652
loop	0	356	481	1992	22	16	90	10748	95.672082	16.822021
loop	0	356	356	679	20	12	90	1088	5.896389	1.096243
loop	0	420	570	2434	27	19	90	13951	145.315956	25.981966
loop	0	420	420	838	25	15	90	1094	6.931171	1.162360
-----NI
loop	0	100	100	143	4	2	90	3	0.013473	0.001391
loop	0	162	162	257	17	4	90	3	0.024691	0.001531
loop	0	224	224	379	11	6	90	3	0.045324	0.002655
loop	0	286	286	509	14	8	90	3	0.067105	0.002423
loop	0	348	348	647	18	10	90	3	0.099062	0.002749
loop	0	410	410	793	21	12	90	3	0.124827	0.003067
