label	timeout	n_IRlines	#vars	#constraints	latency	II	TripCnt	n_solves	Total	Solving
loop	0	98	98	159	121	21	85	2	0.020153	0.001195
loop	0	98	98	159	121	21	85	2	0.021075	0.001170
loop	0	98	98	159	121	21	85	2	0.019833	0.001170
loop	0	98	98	159	121	21	85	2	0.017747	0.001045
loop	0	98	98	159	121	21	85	2	0.017614	0.001103
loop	0	98	98	159	142	21	85	6	0.021830	0.002486
loop	0	98	98	159	121	21	85	2	0.016796	0.001082
loop	0	98	98	159	121	21	85	2	0.016811	0.001094
loop	0	98	98	159	121	21	85	2	0.016610	0.001090
